1 1
2 1
3 1
4 1 
5 1
8 0
9 0
13 0
15 1
18 1
23 0
24 0
27 0
29 0
30 0
31 0
33 0
37 0
38 1
43 0
49 0
53 0
59 0
64 0
71 0
74 0
77 0
78 0
80 0
81 0
83 0
86 0
88 0
94 0
96 0
98 0
108 0
110 0
112 0
113 0
114 0
117 1
119 1
120 0
121 0
125 0
127 1
131 1
135 0
138 0
140 1
141 0
144 0
145 0
148 0
149 0
150 1
152 0
154 0
157 1
158 0
166 1
167 1
171 0
173 0
178 0
180 0
184 0
190 0
192 1
193 0
194 0
198 0
200 0
203 0
208 0
210 0
211 0
214 0
218 0
219 0
220 0
224 0
226 0
227 0
232 0
239 0
240 0
247 0
250 0
258 0
265 0
269 0
272 0
273 0
276 0
279 0
283 0
287 0
292 0
301 0
302 0
303 0
305 0
311 0
316 1
318 1
319 1
320 0
327 1
331 1
332 0
335 0
337 0
342 0
343 1
345 0
347 0
354 0
361 0
363 0
366 0
369 0
372 0
380 0
385 0
391 0
395 0
396 0
397 0
399 0
400 0
404 0
407 0
413 0
422 0
427 0
428 0
432 0
438 0
440 0
445 0
446 0
447 0
451 1
459 0
462 0
474 0
478 0
481 0
482 0
483 1
485 0
487 0
488 0
500 0
503 0
504 0
511 0
515 0
516 0
524 0
528 0
532 0
554 0
555 0
556 0
585 0
591 0
594 0
596 0
602 0
615 0
618 0
632 0
633 0
639 0
640 0
641 0
644 0
646 0
648 0
651 1
662 0
671 0
678 1
682 0
699 1
706 0
718 0
727 0
730 0
743 0
746 0
749 0
751 0
754 1 #CL
762 0
764 0
765 1 #CL
769 0
773 0
787 0
798 0
803 0
804 0
811 0
814 0
816 0
826 0
835 1 #No linguistic examples, but ling paper
842 0
864 0
876 0
890 1
897 0
903 0
906 0
912 0
914 0
930 1
940 0
942 0
943 0
945 0
946 0
954 0
965 0
972 0
978 0
988 0
991 0